mag =

    0.0139


phase =

 -123.6835


w =

    10
