ans = 

        RiseTime: 0.0046
    SettlingTime: 0.0338
     SettlingMin: 0.9103
     SettlingMax: 1.1212
       Overshoot: 12.1175
      Undershoot: 0
            Peak: 1.1212
        PeakTime: 0.0122