selected_point =

  -2.8555 + 3.6335i


k =

   1.0030e+08


poles =

   1.0e+02 *

  -0.6321 + 5.9650i
  -0.6321 - 5.9650i
  -0.0296 + 0.1306i
  -0.0296 - 0.1306i
  -0.0292 + 0.0368i
  -0.0292 - 0.0368i
